317
49	376	1	0	1
62	376	1	0	2
102	376	1	0	3
134	376	1	0	4
302	376	1	0	5
732	862	1	0	6
934	1037	1	0	7
2386	2796	1	0	8
2418	2796	1	0	9
2559	2796	1	0	10
2923	3072	1	0	9
6372	6642	1	0	11
13224	13415	1	0	12
13398	14041	1	0	13
13538	14041	1	0	14
13624	13948	1	0	11
13624	13954	1	0	7
13624	14041	1	0	0
13624	14041	1	0	2
13624	14041	1	0	3
13624	14041	1	0	4
13624	14041	1	0	5
13624	14041	1	0	6
13624	14041	1	0	8
13624	14041	1	0	10
13624	14041	1	0	12
13761	14041	1	0	15
13872	14041	1	0	16
16674	16745	1	0	17
16767	17029	1	0	18
16848	17029	1	0	19
16879	17029	1	0	20
16924	16997	1	0	12
16924	17029	1	0	0
16924	17029	1	0	1
16924	17029	1	0	2
16924	17029	1	0	3
16924	17029	1	0	4
16924	17029	1	0	5
16924	17029	1	0	6
16924	17029	1	0	8
16924	17029	1	0	10
16924	17029	1	0	13
16924	17029	1	0	14
16924	17029	1	0	15
16924	17029	1	0	16
16924	17029	1	0	17
16925	17029	1	0	21
16931	17029	1	0	22
19867	20002	1	0	0
19867	20002	1	0	1
19867	20002	1	0	2
19867	20002	1	0	3
19867	20002	1	0	4
19867	20002	1	0	5
19867	20002	1	0	8
19867	20002	1	0	10
19867	20002	1	0	13
19867	20002	1	0	14
19867	20002	1	0	15
19867	20002	1	0	16
19867	20002	1	0	17
19867	20002	1	0	18
19867	20002	1	0	19
19867	20002	1	0	20
19867	20002	1	0	22
19867	20309	1	0	21
20093	20176	1	0	14
20093	23772	1	0	5
21411	22898	2	1	25
23869	23922	2	1	25
24081	24334	1	0	23
24173	24340	2	2	26
24177	24340	2	2	27
24179	24340	2	2	28
24179	24340	2	2	29
24179	24340	2	2	30
24179	24340	2	2	31
24182	24340	2	2	32
24184	24340	2	2	33
24184	24340	2	2	34
24185	24340	2	2	35
24186	24340	2	2	36
24191	24340	2	2	37
24202	24340	2	2	38
24203	24340	2	2	39
24223	24340	2	2	40
24252	24334	1	0	0
24252	24334	1	0	1
24252	24334	1	0	2
24252	24334	1	0	3
24252	24334	1	0	4
24252	24334	1	0	8
24252	24334	1	0	10
24252	24334	1	0	13
24252	24334	1	0	15
24252	24334	1	0	18
24252	24334	1	0	19
24252	24334	1	0	20
24252	24334	1	0	22
24252	24556	1	0	16
24252	24630	1	0	17
24266	24340	2	2	41
25269	25302	1	0	18
25269	25493	1	0	2
25269	25497	1	0	13
25799	25861	1	3	49
26540	26657	1	0	10
27242	27364	2	2	36
28031	28091	2	2	28
28031	28190	2	2	38
28031	28197	2	2	30
28031	28197	2	2	31
28031	28197	2	2	32
28031	28197	2	2	37
28031	28197	2	2	41
29273	29327	1	0	0
29273	29327	1	0	1
29273	29327	1	0	4
29273	29327	1	0	8
29273	29327	1	0	10
29273	29327	1	0	15
29273	29327	1	0	19
29273	29327	1	0	20
29273	29327	1	0	23
29469	29585	2	2	38
29469	29585	2	2	40
29469	29585	2	2	41
29535	29585	2	2	29
30190	30637	2	2	42
30305	30637	2	2	43
31638	31759	2	2	27
32162	32766	2	2	44
32611	33095	2	2	35
32629	32766	2	2	26
32629	32766	2	2	27
32629	32766	2	2	29
32629	32766	2	2	30
32629	32766	2	2	31
32629	32766	2	2	32
32629	32766	2	2	34
32629	32766	2	2	36
32629	32766	2	2	37
32629	32766	2	2	38
32629	32766	2	2	40
32629	32766	2	2	41
32629	32766	2	2	43
32629	33095	2	2	39
32769	33338	2	2	45
32846	32947	1	0	24
32897	32947	1	0	22
32898	32947	1	0	0
32898	32947	1	0	1
32898	32947	1	0	4
32898	32947	1	0	8
32898	32947	1	0	10
32898	32947	1	0	15
32898	32947	1	0	19
32898	32947	1	0	20
32898	32947	1	0	23
33020	33095	2	2	26
33020	33095	2	2	27
33020	33095	2	2	29
33020	33095	2	2	31
33020	33095	2	2	32
33020	33095	2	2	33
33020	33095	2	2	34
33020	33095	2	2	37
33020	33095	2	2	38
33020	33095	2	2	40
33020	33095	2	2	41
33020	33095	2	2	42
33020	33095	2	2	43
33020	33095	2	2	44
33226	33338	2	2	26
33226	33338	2	2	32
33226	33338	2	2	40
33361	33655	2	2	46
33549	33566	2	2	33
33549	33566	2	2	35
33549	33566	2	2	38
33549	33566	2	2	39
33549	33566	2	2	42
33549	33566	2	2	44
33549	33655	2	2	26
33549	33655	2	2	27
33549	33655	2	2	29
33549	33655	2	2	30
33549	33655	2	2	31
33549	33655	2	2	32
33549	33655	2	2	34
33549	33655	2	2	36
33549	33655	2	2	37
33549	33655	2	2	40
33549	33655	2	2	41
33549	33655	2	2	43
33549	33655	2	2	45
33649	33730	1	0	0
33649	33730	1	0	1
33649	33730	1	0	3
33649	33730	1	0	4
33649	33730	1	0	8
33649	33730	1	0	10
33649	33730	1	0	15
33649	33730	1	0	19
33649	33730	1	0	20
33649	33730	1	0	22
33649	33730	1	0	23
33649	34250	1	0	24
33751	34384	2	2	47
34266	34384	2	2	31
34266	34384	2	2	41
34993	35055	2	2	26
34993	35055	2	2	27
34993	35055	2	2	29
34993	35055	2	2	30
34993	35055	2	2	31
34993	35055	2	2	32
34993	35055	2	2	36
34993	35055	2	2	37
34993	35055	2	2	40
34993	35055	2	2	41
34993	35055	2	2	43
34993	35055	2	2	45
34993	35055	2	2	46
34993	35055	2	2	47
34993	35154	2	2	34
35056	35154	2	2	48
36717	37513	2	2	48
37206	37568	2	2	34
38032	38471	1	0	4
41650	41718	2	2	34
44327	44350	1	0	10
44327	44837	1	0	0
44327	44837	1	0	1
44327	44837	1	0	3
44327	44837	1	0	8
44327	44837	1	0	15
44327	44837	1	0	20
44327	44837	1	0	23
44327	44838	1	0	22
46379	46575	2	4	50
46891	47052	1	0	20
46891	47454	1	0	15
47730	47868	1	0	23
47730	48005	1	0	8
47730	48057	1	0	1
47730	48174	1	0	3
50860	51167	1	5	51
51305	51441	1	5	51
263058	263360	1	6	53
263058	263360	1	6	54
263802	264161	1	6	55
263802	264161	1	6	56
291884	292114	1	6	55
291884	292982	1	6	52
291884	292982	1	6	53
291884	292982	1	6	54
291884	292982	1	6	56
333981	334104	1	6	52
333981	334104	1	6	53
333981	334104	1	6	54
333981	334104	1	6	56
334071	334104	1	6	57
341129	341237	1	6	57
342546	342665	1	6	52
342546	342665	1	6	53
342546	342665	1	6	54
342546	342665	1	6	56
342546	342665	1	6	57
344228	344313	1	6	57
344228	344314	1	6	52
344228	344314	1	6	53
344228	344314	1	6	54
344228	344314	1	6	56
344821	345005	1	6	52
344821	345005	1	6	53
344821	345005	1	6	54
344821	345005	1	6	56
346439	346598	1	6	52
346439	346598	1	6	53
346439	346598	1	6	54
346439	346598	1	6	56
347034	347157	1	6	52
347034	347157	1	6	53
347034	347157	1	6	54
347034	347157	1	6	56
352764	352885	1	6	52
352764	352885	1	6	53
352764	352885	1	6	54
352764	352885	1	6	56
353100	353224	1	6	52
353100	353224	1	6	53
353100	353224	1	6	54
353100	353224	1	6	56
353323	353484	1	6	52
353323	353484	1	6	53
353323	353484	1	6	54
353323	353484	1	6	56
353637	353699	1	6	53
353993	354289	1	6	52
353993	354289	1	6	53
353993	354289	1	6	54
353993	354289	1	6	56
354618	354758	1	6	52
354618	354758	1	6	53
354618	354758	1	6	54
354618	354758	1	6	56
357079	357314	1	6	52
357079	357314	1	6	53
357079	357314	1	6	54
357079	357314	1	6	56
357609	357736	1	6	52
357609	357736	1	6	53
357609	357736	1	6	54
357609	357736	1	6	56
358563	359039	1	6	52
